name: isy
channels:
- menpo
- conda-forge
- defaults
dependencies:
- keras=2.0.6=py35_0
- libgpuarray=0.7.3=vc14_0
- mako=1.0.7=py35_0
- protobuf=3.3.2=py35_vc14_0
- pygpu=0.7.3=np112py35_0
- theano=0.9.0=py35_1
- asn1crypto=0.22.0=py35he3634b9_1
- backports=1.0=py35he88aa47_1
- backports.weakref=1.0rc1=py35_0
- bleach=1.5.0=py35_0
- bokeh=0.12.9=py35h7c1ef7b_0
- ca-certificates=2017.08.26=h94faf87_0
- cachecontrol=0.12.3=py35h3f82863_0
- certifi=2017.7.27.1=py35hbab57cd_0
- cffi=1.10.0=py35h4132a7f_1
- chardet=3.0.4=py35h177e1b7_1
- click=6.7=py35h10df73f_0
- cloudpickle=0.4.0=py35h754485a_0
- colorama=0.3.9=py35h32a752f_0
- cryptography=2.0.3=py35h67a4558_1
- cudatoolkit=8.0=3
- cudnn=6.0=0
- cycler=0.10.0=py35hcc71164_0
- dask=0.15.3=py35h1654932_0
- dask-core=0.15.3=py35h827b41f_0
- decorator=4.1.2=py35hc7d1f2e_0
- distlib=0.2.5=py35h12c42d7_0
- distributed=1.19.1=py35h5a07b60_0
- flask=0.12.2=py35he898f9a_0
- freetype=2.8=vc14h17c9bdf_0
- h5py=2.7.0=py35h9881aa0_1
- hdf5=1.10.1=vc14hb361328_0
- heapdict=1.0.0=py35h3d1311d_0
- html5lib=0.9999999=py35_0
- icc_rt=2017.0.4=h97af966_0
- icu=58.2=vc14hc45fdbb_0
- idna=2.6=py35h8dcb9ae_1
- imageio=2.2.0=py35hcd4b9a4_0
- itsdangerous=0.24=py35h99d45d4_1
- jinja2=2.9.6=py35hab4de37_1
- jpeg=9b=vc14h4d7706e_1
- libpng=1.6.32=vc14h5163883_3
- libprotobuf=3.2.0=vc14_0
- libtiff=4.0.8=vc14h04e2a1e_10
- locket=0.2.0=py35h0dfcdd0_1
- lockfile=0.12.2=py35h667c6d9_0
- m2-gcc-libs=5.3.0=4
- m2-icu=56.1=2
- m2-libreadline=6.3.008=8
- m2-libsqlite=3.10.0.0=2
- m2-msys2-runtime=2.5.0.17080.65c939c=3
- m2-ncurses=6.0.20160220=2
- m2-zlib=1.2.8=4
- markdown=2.6.9=py35_0
- markupsafe=1.0=py35hc253e08_1
- matplotlib=2.1.0=py35hea29350_0
- mkl=2017.0.3=0
- msgpack-python=0.4.8=py35hdef45cb_0
- msys2-conda-epoch=20160418=1
- networkx=1.11=py35h097edc8_0
- numpy=1.12.1=py35_0
- olefile=0.44=py35h7ba86d0_0
- openssl=1.0.2l=vc14hcac20b0_2
- packaging=16.8=py35h5fb721f_1
- pandas=0.20.3=py35he2ce742_2
- partd=0.3.8=py35h894d1e4_0
- pillow=4.2.1=py35hd7da350_0
- pip=9.0.1=py35_1
- progress=1.3=py35ha84af61_0
- psutil=5.3.1=py35hd3625b8_0
- pycparser=2.18=py35h15a15da_1
- pyopenssl=17.2.0=py35hea705d1_0
- pyparsing=2.2.0=py35hcabcaab_1
- pyqt=5.6.0=py35hd46907b_5
- pysocks=1.6.7=py35hb30ac0d_1
- python=3.5.2=0
- python-dateutil=2.6.1=py35h6b299a3_1
- pytz=2017.2=py35h3d6be01_1
- pywavelets=0.5.2=py35h7c47ace_0
- pyyaml=3.12=py35h4bf9689_1
- qt=5.6.2=vc14h6f8c307_12
- requests=2.18.4=py35h54a615f_1
- scikit-image=0.13.0=py35h49207bb_1
- scikit-learn=0.19.0=np112py35_0
- scipy=0.19.1=np112py35_0
- setuptools=36.5.0=py35h21a22e4_0
- sip=4.18.1=py35h01cbaa7_2
- six=1.10.0=py35h06cf344_1
- sortedcontainers=1.5.7=py35h9857911_0
- sqlite=3.20.1=vc14h7ce8c62_1
- tblib=1.3.2=py35hd2cf7e1_0
- tensorflow=1.2.1=py35_0
- tensorflow-gpu=1.1.0=np112py35_0
- tk=8.6.7=vc14hb68737d_1
- toolz=0.8.2=py35h7afdc4e_0
- tornado=4.5.2=py35h03246f3_0
- urllib3=1.22=py35h8cc84eb_0
- vc=14=h2379b0c_1
- vs2015_runtime=14.0.25420=0
- webencodings=0.5.1=py35h5d527fb_1
- werkzeug=0.12.2=py35hc854123_0
- wheel=0.29.0=py35hdbcb6e6_1
- win_inet_pton=1.0.1=py35hbef1270_1
- wincertstore=0.2=py35hfebbdb8_0
- xz=5.2.3=h6d792c6_1
- yaml=0.1.7=vc14hb31d195_1
- zict=0.1.3=py35hf5542e0_0
- zlib=1.2.11=vc14h1cdd9ab_1
- opencv3=3.1.0=py35_0
- pip:
  - win-inet-pton==1.0.1

